
---- D-Ribose  ---
*** MID for each injection, corrected only for natural 13C, 29,30Si, 33,34S ***
RibHyp1_01.CDF 0.81286 0.05659 0.09922 0.01127 0.01944 0.00061 1
RibHyp1_01.CDF 0.81508 0.05601 0.09912 0.01103 0.01846 3e-04 1
RibHyp1_01.CDF 0.81827 0.05512 0.0969 0.01139 0.01817 0.00015 1
RibHyp1_01.CDF 0.84132 0.04766 0.08439 0.01048 0.01578 0.00036 1
RibHyp1_01.CDF 0.84363 0.04511 0.08569 0.01008 0.01511 0.00038 1
RibHyp1_01.CDF 0.84317 0.04714 0.08445 0.00964 0.01512 0.00047 1
RibHyp1_01.CDF 0.84268 0.04637 0.08431 0.01158 0.01494 0.00012 1
RibHyp1_01.CDF 0.84119 0.04656 0.08624 0.0099 0.01586 0.00025 1
RibHyp1_01.CDF 0.84191 0.04525 0.08664 0.01013 0.01556 0.00051 1
RibHyp1_01.CDF 0.98663 -0.00281 0.01382 0.00046 0.00156 0.00033 1
RibHyp1_01.CDF 0.98413 -0.00063 0.01447 -9e-05 0.00183 0.00029 1
RibHyp1_01.CDF 0.98795 -0.00381 0.01362 0.00064 0.00159 0 1


*** All samples fully corrected **
RibHyp1_01.CDF 1 0 0 0 0 0 1
RibHyp1_01.CDF 0.81508 0.05601 0.09912 0.01103 0.01846 3e-04 1
RibHyp1_01.CDF 0.81827 0.05512 0.0969 0.01139 0.01817 0.00015 1
RibHyp1_01.CDF 0.84132 0.04766 0.08439 0.01048 0.01578 0.00036 1
RibHyp1_01.CDF 0.84363 0.04511 0.08569 0.01008 0.01511 0.00038 1
RibHyp1_01.CDF 0.84317 0.04714 0.08445 0.00964 0.01512 0.00047 1
RibHyp1_01.CDF 0.84268 0.04637 0.08431 0.01158 0.01494 0.00012 1
RibHyp1_01.CDF 0.84119 0.04656 0.08624 0.0099 0.01586 0.00025 1
RibHyp1_01.CDF 0.84191 0.04525 0.08664 0.01013 0.01556 0.00051 1
RibHyp1_01.CDF 0.98663 -0.00281 0.01382 0.00046 0.00156 0.00033 1
RibHyp1_01.CDF 0.98413 -0.00063 0.01447 -9e-05 0.00183 0.00029 1
RibHyp1_01.CDF 0.98795 -0.00381 0.01362 0.00064 0.00159 0 1


*Correction:  268879.11456 51822.89167 37489.99398 7380.9998 7234 771


---- Glycogen  ---
*** MID for each injection, corrected only for natural 13C, 29,30Si, 33,34S ***
GlycHyp1_01.CDF 0.62918 0.00471 0.35017 0.00238 0.01158 0.00045 0.00153 1
GlycHyp1_01.CDF 0.62876 0.00625 0.34923 0.00241 0.01147 0.00037 0.00152 1
GlycHyp1_01.CDF 0.63101 0.00522 0.34792 0.00293 0.0111 0.00035 0.00146 1
GlycHyp1_01.CDF 0.60728 0.00471 0.37343 0.00213 0.01089 0.00036 0.00119 1
GlycHyp1_01.CDF 0.61007 0.00309 0.37309 0.0015 0.01066 0.00038 0.0012 1
GlycHyp1_01.CDF 0.60844 0.00406 0.37355 0.00158 0.01085 0.00032 0.0012 1
GlycHyp1_01.CDF 0.61733 0.00455 0.36256 0.00205 0.01177 0.00041 0.00133 1
GlycHyp1_01.CDF 0.61677 0.00433 0.3632 0.00207 0.01193 0.00038 0.00131 1
GlycHyp1_01.CDF 0.61486 0.00673 0.36228 0.00244 0.01194 0.00046 0.00129 1
GlycHyp1_01.CDF 0.97486 0.00425 0.01932 0.00072 0.00062 0.00015 8e-05 1
GlycHyp1_01.CDF 0.97564 0.00426 0.01866 0.00074 0.00053 9e-05 8e-05 1
GlycHyp1_01.CDF 0.97571 0.00411 0.01879 0.00064 0.00057 0.00011 7e-05 1


*** All samples fully corrected **
GlycHyp1_01.CDF 1 0 0 0 0 0 0 1
GlycHyp1_01.CDF 0.62876 0.00625 0.34923 0.00241 0.01147 0.00037 0.00152 1
GlycHyp1_01.CDF 0.63101 0.00522 0.34792 0.00293 0.0111 0.00035 0.00146 1
GlycHyp1_01.CDF 0.60728 0.00471 0.37343 0.00213 0.01089 0.00036 0.00119 1
GlycHyp1_01.CDF 0.61007 0.00309 0.37309 0.0015 0.01066 0.00038 0.0012 1
GlycHyp1_01.CDF 0.60844 0.00406 0.37355 0.00158 0.01085 0.00032 0.0012 1
GlycHyp1_01.CDF 0.61733 0.00455 0.36256 0.00205 0.01177 0.00041 0.00133 1
GlycHyp1_01.CDF 0.61677 0.00433 0.3632 0.00207 0.01193 0.00038 0.00131 1
GlycHyp1_01.CDF 0.61486 0.00673 0.36228 0.00244 0.01194 0.00046 0.00129 1
GlycHyp1_01.CDF 0.97486 0.00425 0.01932 0.00072 0.00062 0.00015 8e-05 1
GlycHyp1_01.CDF 0.97564 0.00426 0.01866 0.00074 0.00053 9e-05 8e-05 1
GlycHyp1_01.CDF 0.97571 0.00411 0.01879 0.00064 0.00057 0.00011 7e-05 1


*Correction:  2446097.14346 399395.86663 1422058.99036 196737.99957 59645.99999 7591 7395


---- L-Glutamate  ---
*** MID for each injection, corrected only for natural 13C, 29,30Si, 33,34S ***
GluHyp1_01.CDF 0.95176 0.02968 0.01533 0.00113 0.00209 1
GluHyp1_01.CDF 0.97533 0.00933 0.01274 0.00089 0.0017 1
GluHyp1_01.CDF 0.97536 0.0093 0.01271 0.00091 0.00171 1
GluHyp1_01.CDF 0.97561 0.00929 0.0125 0.00088 0.00172 1
GluHyp1_01.CDF 0.97567 0.00923 0.01251 0.00088 0.0017 1
GluHyp1_01.CDF 0.97581 0.00915 0.01247 0.00088 0.00169 1
GluHyp1_01.CDF 0.9764 0.00883 0.01208 0.00085 0.00184 1
GluHyp1_01.CDF 0.97605 0.00918 0.01211 0.00083 0.00183 1
GluHyp1_01.CDF 0.97628 0.00895 0.01211 0.00084 0.00183 1
GluHyp1_01.CDF 0.98526 0.00645 0.00656 0.00023 0.0015 1
GluHyp1_01.CDF 0.98499 0.00676 0.00654 0.00022 0.00149 1
GluHyp1_01.CDF 0.98503 0.00668 0.00658 0.00022 0.00149 1


*** All samples fully corrected **
GluHyp1_01.CDF 1 0 0 0 0 1
GluHyp1_01.CDF 0.97533 0.00933 0.01274 0.00089 0.0017 1
GluHyp1_01.CDF 0.97536 0.0093 0.01271 0.00091 0.00171 1
GluHyp1_01.CDF 0.97561 0.00929 0.0125 0.00088 0.00172 1
GluHyp1_01.CDF 0.97567 0.00923 0.01251 0.00088 0.0017 1
GluHyp1_01.CDF 0.97581 0.00915 0.01247 0.00088 0.00169 1
GluHyp1_01.CDF 0.9764 0.00883 0.01208 0.00085 0.00184 1
GluHyp1_01.CDF 0.97605 0.00918 0.01211 0.00083 0.00183 1
GluHyp1_01.CDF 0.97628 0.00895 0.01211 0.00084 0.00183 1
GluHyp1_01.CDF 0.98526 0.00645 0.00656 0.00023 0.0015 1
GluHyp1_01.CDF 0.98499 0.00676 0.00654 0.00022 0.00149 1
GluHyp1_01.CDF 0.98503 0.00668 0.00658 0.00022 0.00149 1


*Correction:  1128383.06421 110885.93755 22657.99826 2282.99997 2714


---- L-Lactate  ---
*** MID for each injection, corrected only for natural 13C, 29,30Si, 33,34S ***
LacHyp1_01.CDF 0.79598 0.00877 0.19475 0.00049 1
LacHyp1_01.CDF 0.79628 0.00763 0.1953 0.00079 1
LacHyp1_01.CDF 0.79578 0.00731 0.19622 0.00069 1
LacHyp1_01.CDF 0.79777 0.00688 0.19477 0.00058 1
LacHyp1_01.CDF 0.79352 0.00911 0.19678 0.00058 1
LacHyp1_01.CDF 0.79716 0.00801 0.19383 0.001 1
LacHyp1_01.CDF 0.8041 0.00694 0.19647 -0.00751 1
LacHyp1_01.CDF 0.80881 0.00669 0.20108 -0.01658 1
LacHyp1_01.CDF 0.98986 0.00055 0.00881 0.00077 1
LacHyp1_01.CDF 0.9895 0.00046 0.00963 4e-04 1


*** All samples fully corrected **
LacHyp1_01.CDF 1 0 0 0 1
LacHyp1_01.CDF 0.79628 0.00763 0.1953 0.00079 1
LacHyp1_01.CDF 0.79578 0.00731 0.19622 0.00069 1
LacHyp1_01.CDF 0.79777 0.00688 0.19477 0.00058 1
LacHyp1_01.CDF 0.79352 0.00911 0.19678 0.00058 1
LacHyp1_01.CDF 0.79716 0.00801 0.19383 0.001 1
LacHyp1_01.CDF 0.8041 0.00694 0.19647 -0.00751 1
LacHyp1_01.CDF 0.80881 0.00669 0.20108 -0.01658 1
LacHyp1_01.CDF 0.98986 0.00055 0.00881 0.00077 1
LacHyp1_01.CDF 0.9895 0.00046 0.00963 4e-04 1


*Correction:  96906.10471 11857.90042 24966.99502 2251.99985


