
---- D-Ribose  ---
*** MID for each injection, corrected only for natural 13C, 29,30Si, 33,34S ***
RibHyp1_01.CDF 0.80769 0.05819 0.10219 0.0125 0.01898 0.00045 1
RibHyp1_02.CDF 0.81059 0.05721 0.10009 0.01228 0.01941 0.00042 1
RibHyp1_03.CDF 0.81109 0.05655 0.10069 0.01192 0.01946 0.00029 1
RibHyp2_01.CDF 0.83593 0.0494 0.08767 0.01026 0.01644 3e-04 1
RibHyp2_02.CDF 0.83863 0.0477 0.0867 0.01016 0.01649 0.00032 1
RibHyp2_03.CDF 0.83702 0.04892 0.08667 0.01069 0.01636 0.00034 1
RibHyp3_01.CDF 0.83592 0.04948 0.08729 0.01047 0.01651 0.00034 1
RibHyp3_02.CDF 0.83374 0.05093 0.08851 0.01019 0.01636 0.00027 1
RibHyp3_03.CDF 0.83669 0.04907 0.08692 0.01043 0.01651 0.00037 1
RibNat1_01.CDF 0.97671 0.0083 0.01388 0.00041 -0.00039 0.00109 1
RibNat1_02.CDF 0.97211 0.00991 0.01164 -0.00121 0.00959 -0.00204 1
RibNat1_03.CDF 0.96696 0.02056 0.01276 0.00759 -0.00498 -0.00289 1


*** All samples fully corrected **
RibHyp1_01.CDF 83.22 4.95 8.77 1.2 1.92 -0.06 100
RibHyp1_02.CDF 83.51 4.86 8.56 1.18 1.96 -0.07 100
RibHyp1_03.CDF 83.56 4.79 8.62 1.14 1.97 -0.08 100
RibHyp2_01.CDF 86.02 4.08 7.33 0.98 1.67 -0.08 100
RibHyp2_02.CDF 86.29 3.91 7.23 0.97 1.67 -0.08 100
RibHyp2_03.CDF 86.13 4.04 7.23 1.02 1.66 -0.07 100
RibHyp3_01.CDF 86.02 4.09 7.29 1 1.68 -0.07 100
RibHyp3_02.CDF 85.8 4.23 7.41 0.97 1.66 -0.08 100
RibHyp3_03.CDF 86.09 4.05 7.26 0.99 1.68 -0.07 100
RibNat1_01.CDF 100 0 0 0 0 0 100
RibNat1_02.CDF 99.58 0.14 -0.25 -0.16 0.99 -0.31 100
RibNat1_03.CDF 99.22 1.15 -0.22 0.71 -0.45 -0.4 100


*Correction:  -0.02782 0.00397 0.01309 0.00166 -0.00027 0.00099


---- Glycogen  ---
*** MID for each injection, corrected only for natural 13C, 29,30Si, 33,34S ***
GlycHyp1_01.CDF 0.63095 0.00508 0.3486 0.002 0.01123 0.00041 0.00173 1
GlycHyp1_02.CDF 0.62858 0.00675 0.34856 0.00269 0.01135 4e-04 0.00167 1
GlycHyp1_03.CDF 0.62882 0.00624 0.34888 0.00268 0.01128 0.00042 0.00169 1
GlycHyp2_01.CDF 0.60832 0.00454 0.37265 0.00195 0.01087 0.00036 0.0013 1
GlycHyp2_02.CDF 0.60794 0.00421 0.37351 0.00198 0.01071 0.00037 0.00127 1
GlycHyp2_03.CDF 0.60637 0.00497 0.37395 0.00216 0.0109 0.00035 0.00131 1
GlycHyp3_01.CDF 0.6166 0.00492 0.36277 0.0019 0.01194 0.00041 0.00146 1
GlycHyp3_02.CDF 0.61297 0.00577 0.36496 0.0024 0.01206 0.00039 0.00145 1
GlycHyp3_03.CDF 0.61294 0.00709 0.36333 0.00275 0.012 0.00046 0.00143 1
GlycCom1_01.CDF 0.96875 0.01317 0.01714 0.00049 4e-04 3e-05 1e-05 1
GlycCom1_02.CDF 0.96715 0.01487 0.01701 0.00052 4e-04 3e-05 2e-05 1
GlycCom1_03.CDF 0.96625 0.01581 0.01698 0.00051 4e-04 3e-05 1e-05 1


*** All samples fully corrected **
GlycHyp1_01.CDF 66.22 -0.81 33.15 0.15 1.08 0.04 0.17 100
GlycHyp1_02.CDF 65.98 -0.64 33.14 0.22 1.09 0.04 0.17 100
GlycHyp1_03.CDF 66.01 -0.69 33.17 0.22 1.09 0.04 0.17 100
GlycHyp2_01.CDF 63.96 -0.86 35.55 0.15 1.05 0.03 0.13 100
GlycHyp2_02.CDF 63.92 -0.9 35.64 0.15 1.03 0.03 0.13 100
GlycHyp2_03.CDF 63.76 -0.82 35.68 0.17 1.05 0.03 0.13 100
GlycHyp3_01.CDF 64.78 -0.82 34.56 0.14 1.16 0.04 0.14 100
GlycHyp3_02.CDF 64.42 -0.74 34.78 0.19 1.17 0.04 0.14 100
GlycHyp3_03.CDF 64.42 -0.61 34.62 0.23 1.16 0.04 0.14 100
GlycCom1_01.CDF 100 0 0 0 0 0 0 100
GlycCom1_02.CDF 99.84 0.17 -0.01 0 0 0 0 100
GlycCom1_03.CDF 99.75 0.26 -0.02 0 0 0 0 100


*Correction:  -0.02676 0.00724 0.01635 0.00254 0.00054 8e-05 2e-05


---- L-Glutamate  ---
*** MID for each injection, corrected only for natural 13C, 29,30Si, 33,34S ***
GluHyp1_02.CDF 0.97554 0.00943 0.01263 0.00079 0.00161 1
GluHyp1_03.CDF 0.97591 0.0091 0.01257 8e-04 0.00162 1
GluHyp2_01.CDF 0.97584 0.00939 0.01237 0.00077 0.00162 1
GluHyp2_02.CDF 0.97634 0.00892 0.01233 8e-04 0.00161 1
GluHyp3_01.CDF 0.97713 0.00856 0.01198 0.00074 0.00158 1
GluHyp3_02.CDF 0.97651 0.00902 0.01209 0.00075 0.00164 1
GluHyp3_03.CDF 0.97655 0.00902 0.0121 0.00074 0.0016 1


*** All samples fully corrected **
GluHyp1_02.CDF 99.9 0.04 0.05 0 0 100
GluHyp1_03.CDF 99.94 0.01 0.05 0.01 0 100
GluHyp2_01.CDF 99.93 0.04 0.03 0 0 100
GluHyp2_02.CDF 99.98 -0.01 0.02 0 0 100
GluHyp3_01.CDF 100.06 -0.05 -0.01 0 0 100
GluHyp3_02.CDF 100 0 0 0 0 100
GluHyp3_03.CDF 100 0 0 0 0 100


*Correction:  -0.02217 0.00705 0.012 0.00124 0.0016


---- L-Lactate  ---
*** MID for each injection, corrected only for natural 13C, 29,30Si, 33,34S ***
LacHyp1_03.CDF 0.79068 0.01321 0.19511 0.00099 1
LacHyp2_02.CDF 0.78747 0.01548 0.19589 0.00117 1
LacHyp2_03.CDF 0.79157 0.01363 0.1937 0.0011 1
LacHyp3_01.CDF 0.78626 0.01683 0.1956 0.00131 1
LacNat1_01.CDF 0.98945 0.00133 0.00869 0.00054 1
LacNat1_02.CDF 0.98854 0.00185 0.00913 0.00048 1


*** All samples fully corrected **
LacHyp1_03.CDF 80.14 1.19 18.63 0.04 100
LacHyp2_02.CDF 79.82 1.41 18.7 0.06 100
LacHyp2_03.CDF 80.23 1.23 18.48 0.06 100
LacHyp3_01.CDF 79.7 1.55 18.67 0.08 100
LacNat1_01.CDF 100 0 0 0 100
LacNat1_02.CDF 99.91 0.05 0.04 -0.01 100


*Correction:  -0.01022 6e-05 0.00801 0.00121


