
---- D-Ribose  ---
*** MID for each injection, corrected only for natural 13C, 29,30Si, 33,34S ***
RibHyp1_01.CDF 0.79475 0.05589 0.10025 0.02131 0.02681 0.00099 1
RibHyp1_01.CDF 0.7891 0.05658 0.10021 0.0235 0.02986 0.00076 1
RibHyp1_01.CDF 0.7891 0.05658 0.0991 0.0247 0.02976 0.00076 1
RibHyp1_01.CDF 0.81541 0.04989 0.0863 0.02159 0.02574 0.00106 1
RibHyp1_01.CDF 0.81654 0.04864 0.08643 0.02159 0.02574 0.00106 1
RibHyp1_01.CDF 0.81654 0.04975 0.0863 0.02159 0.02574 6e-05 1
RibHyp1_01.CDF 0.81767 0.04962 0.08521 0.02061 0.02583 0.00106 1
RibHyp1_01.CDF 0.8188 0.04948 0.08632 0.0205 0.02476 0.00014 1
RibHyp1_01.CDF 0.81931 0.0486 0.08661 0.02054 0.02481 0.00014 1
RibHyp1_01.CDF 0.96885 0.0024 0.02536 0.00054 0.00307 -0.00023 1
RibHyp1_01.CDF 0.96675 0.00365 0.0263 0.00044 0.00308 -0.00023 1
RibHyp1_01.CDF 0.96901 0.00338 0.02411 0.00066 0.00307 -0.00023 1


*** All samples fully corrected **
RibHyp1_01.CDF 1 0 0 0 0 0 1
RibHyp1_01.CDF 0.7891 0.05658 0.10021 0.0235 0.02986 0.00076 1
RibHyp1_01.CDF 0.7891 0.05658 0.0991 0.0247 0.02976 0.00076 1
RibHyp1_01.CDF 0.81541 0.04989 0.0863 0.02159 0.02574 0.00106 1
RibHyp1_01.CDF 0.81654 0.04864 0.08643 0.02159 0.02574 0.00106 1
RibHyp1_01.CDF 0.81654 0.04975 0.0863 0.02159 0.02574 6e-05 1
RibHyp1_01.CDF 0.81767 0.04962 0.08521 0.02061 0.02583 0.00106 1
RibHyp1_01.CDF 0.8188 0.04948 0.08632 0.0205 0.02476 0.00014 1
RibHyp1_01.CDF 0.81931 0.0486 0.08661 0.02054 0.02481 0.00014 1
RibHyp1_01.CDF 0.96885 0.0024 0.02536 0.00054 0.00307 -0.00023 1
RibHyp1_01.CDF 0.96675 0.00365 0.0263 0.00044 0.00308 -0.00023 1
RibHyp1_01.CDF 0.96901 0.00338 0.02411 0.00066 0.00307 -0.00023 1


*Correction:  -0.18244 0.02767 0.09498 0.0288 0.027 0.003


---- Glycogen  ---
*** MID for each injection, corrected only for natural 13C, 29,30Si, 33,34S ***
GlycHyp1_01.CDF 0.6211 0.0048 0.34648 0.007 0.01759 0.00012 0.0029 1
GlycHyp1_01.CDF 0.41171 0.19036 0.28767 0.07511 0.02312 0.00458 0.00744 1
GlycHyp1_01.CDF 0.61643 0.00437 0.34316 0.01422 0.01786 0.00115 0.0028 1
GlycHyp1_01.CDF 0.60069 0.00343 0.37011 0.00622 0.01752 0.00013 0.0019 1
GlycHyp1_01.CDF 0.59892 0.0036 0.36859 0.00975 0.01709 0.00016 0.0019 1
GlycHyp1_01.CDF 0.59952 0.00361 0.3701 0.00622 0.01864 1e-05 0.0019 1
GlycHyp1_01.CDF 0.60532 0.00483 0.35998 0.00743 0.01965 0.00099 0.00181 1
GlycHyp1_01.CDF 0.60242 0.00537 0.35916 0.01098 0.01925 0.00101 0.00181 1
GlycHyp1_01.CDF 0.60246 0.00556 0.35872 0.01115 0.01928 0.00102 0.00181 1
GlycHyp1_01.CDF 0.95384 0.0113 0.03356 0.00065 0.00075 -1e-04 0 1
GlycHyp1_01.CDF 0.95267 0.01263 0.03338 0.00066 0.00075 -1e-04 0 1
GlycHyp1_01.CDF 0.95267 0.01378 0.03207 0.00082 0.00074 -1e-04 0 1


*** All samples fully corrected **
GlycHyp1_01.CDF 1 0 0 0 0 0 0 1
GlycHyp1_01.CDF 0.41171 0.19036 0.28767 0.07511 0.02312 0.00458 0.00744 1
GlycHyp1_01.CDF 0.61643 0.00437 0.34316 0.01422 0.01786 0.00115 0.0028 1
GlycHyp1_01.CDF 0.60069 0.00343 0.37011 0.00622 0.01752 0.00013 0.0019 1
GlycHyp1_01.CDF 0.59892 0.0036 0.36859 0.00975 0.01709 0.00016 0.0019 1
GlycHyp1_01.CDF 0.59952 0.00361 0.3701 0.00622 0.01864 1e-05 0.0019 1
GlycHyp1_01.CDF 0.60532 0.00483 0.35998 0.00743 0.01965 0.00099 0.00181 1
GlycHyp1_01.CDF 0.60242 0.00537 0.35916 0.01098 0.01925 0.00101 0.00181 1
GlycHyp1_01.CDF 0.60246 0.00556 0.35872 0.01115 0.01928 0.00102 0.00181 1
GlycHyp1_01.CDF 0.95384 0.0113 0.03356 0.00065 0.00075 -1e-04 0 1
GlycHyp1_01.CDF 0.95267 0.01263 0.03338 0.00066 0.00075 -1e-04 0 1
GlycHyp1_01.CDF 0.95267 0.01378 0.03207 0.00082 0.00074 -1e-04 0 1


*Correction:  -0.32454 -0.04637 0.30036 0.04657 0.01899 0.002 0.003


---- L-Glutamate  ---
*** MID for each injection, corrected only for natural 13C, 29,30Si, 33,34S ***
GluHyp1_01.CDF 0.95176 0.02968 0.01533 0.00113 0.00209 1
GluHyp1_01.CDF 0.97533 0.00933 0.01274 0.00089 0.0017 1
GluHyp1_01.CDF 0.97536 0.0093 0.01271 0.00091 0.00171 1
GluHyp1_01.CDF 0.97561 0.00929 0.0125 0.00088 0.00172 1
GluHyp1_01.CDF 0.97567 0.00923 0.01251 0.00088 0.0017 1
GluHyp1_01.CDF 0.97581 0.00915 0.01247 0.00088 0.00169 1
GluHyp1_01.CDF 0.9764 0.00883 0.01208 0.00085 0.00184 1
GluHyp1_01.CDF 0.97605 0.00918 0.01211 0.00083 0.00183 1
GluHyp1_01.CDF 0.97628 0.00895 0.01211 0.00084 0.00183 1
GluHyp1_01.CDF 0.98526 0.00645 0.00656 0.00023 0.0015 1
GluHyp1_01.CDF 0.98499 0.00676 0.00654 0.00022 0.00149 1
GluHyp1_01.CDF 0.98503 0.00668 0.00658 0.00022 0.00149 1


*** All samples fully corrected **
GluHyp1_01.CDF 1 0 0 0 0 1
GluHyp1_01.CDF 0.97533 0.00933 0.01274 0.00089 0.0017 1
GluHyp1_01.CDF 0.97536 0.0093 0.01271 0.00091 0.00171 1
GluHyp1_01.CDF 0.97561 0.00929 0.0125 0.00088 0.00172 1
GluHyp1_01.CDF 0.97567 0.00923 0.01251 0.00088 0.0017 1
GluHyp1_01.CDF 0.97581 0.00915 0.01247 0.00088 0.00169 1
GluHyp1_01.CDF 0.9764 0.00883 0.01208 0.00085 0.00184 1
GluHyp1_01.CDF 0.97605 0.00918 0.01211 0.00083 0.00183 1
GluHyp1_01.CDF 0.97628 0.00895 0.01211 0.00084 0.00183 1
GluHyp1_01.CDF 0.98526 0.00645 0.00656 0.00023 0.0015 1
GluHyp1_01.CDF 0.98499 0.00676 0.00654 0.00022 0.00149 1
GluHyp1_01.CDF 0.98503 0.00668 0.00658 0.00022 0.00149 1


*Correction:  1128383.06421 110885.93755 22657.99826 2282.99997 2714


---- L-Lactate  ---
*** MID for each injection, corrected only for natural 13C, 29,30Si, 33,34S ***
LacHyp1_01.CDF 0.78982 0.00619 0.19935 0.00463 1
LacHyp1_01.CDF 0.78791 0.0052 0.19817 0.00872 1
LacHyp1_01.CDF 0.7887 0.00521 0.19837 0.00773 1
LacHyp1_01.CDF 0.78567 0.00655 0.19914 0.00864 1
LacHyp1_01.CDF 0.78646 0.00656 0.19824 0.00873 1
LacHyp1_01.CDF 0.78949 0.00521 0.19638 0.00892 1
LacHyp1_01.CDF 0.79015 0.00606 0.19589 0.0079 1
LacHyp1_01.CDF 0.79239 0.00471 0.19601 0.00689 1
LacHyp1_01.CDF 0.9839 0.00345 0.01176 0.00088 1
LacHyp1_01.CDF 0.98279 0.00358 0.01284 0.00079 1


*** All samples fully corrected **
LacHyp1_01.CDF 1 0 0 0 1
LacHyp1_01.CDF 0.78791 0.0052 0.19817 0.00872 1
LacHyp1_01.CDF 0.7887 0.00521 0.19837 0.00773 1
LacHyp1_01.CDF 0.78567 0.00655 0.19914 0.00864 1
LacHyp1_01.CDF 0.78646 0.00656 0.19824 0.00873 1
LacHyp1_01.CDF 0.78949 0.00521 0.19638 0.00892 1
LacHyp1_01.CDF 0.79015 0.00606 0.19589 0.0079 1
LacHyp1_01.CDF 0.79239 0.00471 0.19601 0.00689 1
LacHyp1_01.CDF 0.9839 0.00345 0.01176 0.00088 1
LacHyp1_01.CDF 0.98279 0.00358 0.01284 0.00079 1


*Correction:  -0.19029 -0.01558 0.18202 0.02085


